ALBRECHT
1, 7.185424e-40
2, 0.24010673
3, 0.22931756
4, 0.22044101
5, 0.22044101
6, 0.19691713
7, 0.1982766
8, 0.18814906
9, 0.19755411
10, 0.17636944
11, 0.18732186
12, 0.16532354
13, 0.13372375
14, 0.15448411
15, 0.12273608
16, 0.11045943
17, 0.12153586
18, 0.11054234
19, 0.0995738
20, 0.06685766
CHINA
1, 4.8580986e-39
2, 17.648733
3, 18.901363
4, 71.31437
5, 30.83338
6, 77.66397
7, 79.80587
8, 107.06185
9, 110.7315
10, 29.030884
11, 31.50949
12, 31.68282
13, 31.623466
14, 31.649412
15, 27.468674
16, 27.235329
17, 27.207539
18, 27.100103
19, 27.375664
20, 27.37454
COCOMO81
1, 1.1269242e-41
2, 11606.726
3, 31821.293
4, 31503.4
5, 32894.15
6, 34277.004
7, 35666.438
8, 36110.566
9, 37393.684
10, 45566.125
11, 40142.29
12, 80565.57
13, 87336.74
14, 76780.945
15, 106888.33
16, 103547.71
17, 85901.55
18, 91329.08
19, 104722.32
20, 102358.625
COCOMO81E
1, 2.6260333e-42
2, 2719.926
3, 7746.582
4, 7542.0938
5, 8138.853
6, 9211.105
7, 7882.4507
8, 8740.051
9, 8332.717
10, 8441.399
11, 11087.629
12, 10728.273
13, 12733.991
14, 10401.036
15, 12410.565
16, 12076.293
17, 12239.391
18, 12789.644
19, 12957.698
20, 12677.595
COCOMO81O
1, 1.7329858e-41
2, 230.74759
3, 115.26688
4, 192.02191
5, 257.8389
6, 294.36176
7, 294.36176
8, 844.7975
9, 808.59033
10, 428.0671
11, 889.69275
12, 837.3158
13, 362.0706
14, 941.64795
15, 794.6537
16, 277.35184
17, 189.65039
18, 388.56665
19, 403.64456
20, 265.80585
COCOMO81S
1, 4.9844186e-42
2, 81.64464
3, 82.28971
4, 95.30896
5, 101.707146
6, 117.57108
7, 95.95537
8, 80.59245
9, 80.59245
10, 40.022278
11, 0.0
12, 0.0
13, 0.0
14, 0.0
15, 0.0
16, 0.0
17, 0.0
18, 0.0
19, 0.0
20, 0.0
DESHARNAIS-ALL
1, 1.3189021e-41
2, 1415.431
3, 1973.78
4, 2321.9302
5, 2286.7458
6, 2488.2756
7, 2504.1917
8, 2529.7542
9, 3325.3938
10, 2618.9075
11, 2935.5586
12, 3370.7312
13, 3931.522
14, 4370.453
15, 4322.7603
16, 3870.4534
17, 2928.2417
18, 3695.0115
19, 2883.0037
20, 3830.9294
DESHARNAIS-L1
1, 5.5099056e-42
2, 701.1076
3, 804.4967
4, 813.5103
5, 1221.3549
6, 1165.942
7, 1175.1606
8, 1306.6974
9, 1293.0642
10, 1249.5923
11, 1242.1799
12, 1277.544
13, 1331.2856
14, 1261.5713
15, 1169.9757
16, 1109.0369
17, 1064.9445
18, 988.66516
19, 1064.9211
20, 1027.5112
DESHARNAIS-L2
1, 5.0068394e-42
2, 98.45699
3, 98.821655
4, 98.262054
5, 98.262054
6, 93.89608
7, 90.76278
8, 90.594055
9, 88.297966
10, 86.5753
11, 82.53884
12, 79.13103
13, 79.891464
14, 72.45987
15, 83.475525
16, 49.339947
17, 78.31353
18, 58.10909
19, 59.600723
20, 56.015717
DESHARNAIS-L3
1, 1.9286071e-41
2, 2.9399776
3, 9.795597
4, 8.239195
5, 9.148439
6, 8.491603
7, 6.2578626
8, 4.5903406
9, 1.8683192
10, 0.0
11, 0.0
12, 0.0
13, 0.0
14, 0.0
15, 0.0
16, 0.0
17, 0.0
18, 0.0
19, 0.0
20, 0.0
FINNISH
1, 6.780883e-42
2, 1192.2805
3, 1459.6964
4, 1732.3932
5, 1481.9972
6, 2374.524
7, 1806.6543
8, 1853.1001
9, 1821.293
10, 1648.5333
11, 1658.4694
12, 1821.2933
13, 1762.0636
14, 2082.857
15, 1687.494
16, 2323.4595
17, 2139.2139
18, 2516.16
19, 2209.2922
20, 2488.865
KEMERER
1, 4.1373337e-40
2, 0.15632363
3, 0.144932
4, 0.13436377
5, 0.12226021
6, 0.11065532
7, 0.09848422
8, 0.086394854
9, 0.08626935
10, 0.074430965
11, 0.04963938
12, 0.061888985
13, 0.03721748
14, 0.012523035
15, 0.0
16, 0.0
17, 0.0
18, 0.0
19, 0.0
20, 0.0
MAXWELL
1, 5.652838e-42
2, 993.4679
3, 2872.7168
4, 4201.77
5, 5808.4805
6, 5287.699
7, 5710.336
8, 5564.2334
9, 5607.846
10, 5580.8965
11, 5959.3633
12, 6121.4854
13, 6028.3394
14, 6003.1133
15, 6240.5625
16, 6584.937
17, 6305.9136
18, 5991.3267
19, 6218.953
20, 6630.655
NASA93-CENTER-1
1, 1.3504313e-41
2, 7.815057
3, 8.038983
4, 8.038983
5, 7.9472637
6, 7.9472637
7, 9.660567
8, 5.90129
9, 4.579501
10, 4.627846
11, 3.4286559
12, 0.0
13, 0.0
14, 0.0
15, 0.0
16, 0.0
17, 0.0
18, 0.0
19, 0.0
20, 0.0
NASA93-CENTER-2
1, 5.844816e-42
2, 4224.1216
3, 12581.956
4, 14472.715
5, 15589.491
6, 16449.809
7, 18888.705
8, 13856.74
9, 21033.93
10, 20111.385
11, 2931.8394
12, 19801.014
13, 20522.6
14, 20296.902
15, 19620.857
16, 20028.953
17, 20308.313
18, 19584.492
19, 20430.586
20, 2739.4585
NASA93-CENTER-5
1, 3.201967e-42
2, 5439.2188
3, 13250.755
4, 62400.29
5, 59226.895
6, 88871.8
7, 92592.19
8, 90351.45
9, 94427.336
10, 9937.435
11, 30984.416
12, 104414.664
13, 110983.32
14, 122618.266
15, 87408.414
16, 118221.086
17, 132981.47
18, 24170.729
19, 137948.33
20, 91936.34
NASA93
1, 8.313904e-42
2, 28805.531
3, 37509.75
4, 167747.72
5, 161038.92
6, 200536.17
7, 228592.66
8, 233496.05
9, 263231.66
10, 292358.88
11, 300319.56
12, 68441.164
13, 62180.895
14, 327197.53
15, 74970.8
16, 384030.3
17, 81858.88
18, 382008.5
19, 79330.016
20, 93578.836
SDR
1, 6.1853314e-41
2, 5.99367
3, 40.618046
4, 12.476982
5, 11.842316
6, 20.51248
7, 20.51248
8, 31.167078
9, 31.167078
10, 32.9827
11, 32.9827
12, 31.167078
13, 33.907375
14, 32.09173
15, 30.565102
16, 26.915915
17, 19.241337
18, 18.231878
19, 13.090114
20, 9.717924
