Signed Rank Tests (Lisp vs. Matlab ... FIGHT!)
--------------------------------------------------------------------------------------------------------
11111111111111

>> first_list = [72, 90, 40, 84, 22, 78, 50, 64, 50, 30, 52, 64, 45, 64, 24, 78];
>> second_list = [32, 58, 20, 68, 36, 68, 40, 56, 44, 25, 56, 68, 48, 62, 24, 78];
>> [p,h] = signrank(first_list, second_list)                      

p =

    0.0342


h =

     1

CL-USER> (wilcoxon '(72 90 40 84 22 78 50 64 50 30 52 64 45 64 24 78)
		   '(32 58 20 68 36 68 40 56 44 25 56 68 48 62 24 78))
1

--------------------------------------------------------------------------------------------------------
2222222222222


>> first_list = [72, 90, 40, 84, 12, 78, 50, 64, 50, 90, 52, 64, 45, 64, 24, 78];
>> second_list = [32, 58, 20, 6, 36, 68, 40, 56, 98, 25, 56, 68, 48, 62, 24, 78];
>> [p,h] = signrank(first_list, second_list)                     

p =

    0.1671


h =

     0

CL-USER> (wilcoxon '(72 90 40 84 12 78 50 64 50 90 52 64 45 64 24 78)
                   '(32 58 20 6 36 68 40 56 98 25 56 68 48 62 24 78))
0

--------------------------------------------------------------------------------------------------------
33333333333333

>> first_list = [72 90 39 84 22 78 48 64 50 30 52 64 45 62 24 82];                
>> second_list = [32 58 27 68 36 65 40 56 44 25 56 68 48 62 24 79];
>> [p,h] = signrank(first_list, second_list)        

p =

    0.0363


h =

     1

CL-USER> (wilcoxon '(72 90 39 84 22 78 48 64 50 30 52 64 45 62 24 82)
                   '(32 58 27 68 36 65 40 56 44 25 56 68 48 62 24 79))
1   

--------------------------------------------------------------------------------------------------------
444444444444444

>> first_list = [72 90 39 84 22 78 48 64 50 30 52 64 45 62 24 9000000000000000000000000000000000];
>> second_list = [32 58 27 68 36 65 40 56 44 25 56 68 48 62 24 79];
>> [p,h] = signrank(first_list, second_list, 'alpha', 0.05)                                       

p =

    0.0187


h =

     1

CL-USER> (wilcoxon '(72 90 39 84 22 78 48 64 50 30 52 64 45 62 24 9000000000000000000000000000000000)
                   '(32 58 27 68 36 65 40 56 44 25 56 68 48 62 24 79))
1

--------------------------------------------------------------------------------------------------------
5555555555555555

From Compass.  This is a tie in Albrecht.

>>first_list = [0.6949153 6.2 0.9411765 0.55 0.6666667 6.2 0.82938385 0.8032787 0.52000004 0.77215195 0.52000004 0.90551186 2.0833335 0.82938385 2.0833335 0.82938385 0.40983608 0.52000004 0.6949153 2.0833335 0.12195122 6.2 2.0833335 0.77215195];
>>second_list = [0.9301331 0.87990195 0.61315787 0.43023252 0.20491812 0.20491812 0.17415723 0.26499996 0.92822266 0.6516588 0.17415723 0.87990195 0.5983606 0.31944442 0.5983606 0.50000006 0.38749996 0.01999995 0.5983606 0.92822266 0.5983606 0.08124995 1.918919 0.08124995];

>>[p,h] = signrank(first_list, second_list, 'alpha', 0.05)                                       

p =

   6.7343e-04


h =

     1

